300.15 300.15 300.15 300.15 300.15 300.15 300.15 300.15 300.15 300.15 300.15 300.15 300.15 300.15 300.15 300.15 300.15 300.15 300.15 300.15
300.15 300.15 300.15 300.15 300.15 300.15 300.15 300.15 300.15 300.15 300.15 300.15 300.15 300.15 300.15 300.15 300.15 300.15 300.15 300.15
300.15 300.15 300.15 300.15 300.15 300.15 300.15 300.15 300.15 300.15 300.15 300.15 300.15 300.15 300.15 300.15 300.15 300.15 300.15 300.15
300.15 300.15 300.15 300.15 300.15 300.15 300.15 300.15 300.15 300.15 300.15 300.15 300.15 300.15 300.15 300.15 300.15 300.15 300.15 300.15
300.15 300.15 300.15 300.15 300.15 300.15 300.15 300.15 300.15 300.15 300.15 300.15 300.15 300.15 300.15 300.15 300.15 300.15 300.15 300.15
300.15 300.15 300.15 300.15 300.15 300.15 300.15 300.16 300.18 300.19 300.19 300.18 300.16 300.15 300.15 300.15 300.15 300.15 300.15 300.15
300.15 300.15 300.15 300.15 300.15 300.15 300.17 300.23 300.31 300.36 300.36 300.31 300.23 300.17 300.15 300.15 300.15 300.15 300.15 300.15
300.15 300.15 300.15 300.15 300.15 300.16 300.23 300.42 300.72 300.89 300.89 300.72 300.42 300.23 300.16 300.15 300.15 300.15 300.15 300.15
300.15 300.15 300.15 300.15 300.15 300.18 300.31 300.72 301.36 301.71 301.71 301.36 300.72 300.31 300.18 300.15 300.15 300.15 300.15 300.15
300.15 300.15 300.15 300.15 300.15 300.19 300.36 300.89 301.71 302.15 302.15 301.71 300.89 300.36 300.19 300.15 300.15 300.15 300.15 300.15
300.15 300.15 300.15 300.15 300.15 300.19 300.36 300.89 301.71 302.15 302.15 301.71 300.89 300.36 300.19 300.15 300.15 300.15 300.15 300.15
300.15 300.15 300.15 300.15 300.15 300.18 300.31 300.72 301.36 301.71 301.71 301.36 300.72 300.31 300.18 300.15 300.15 300.15 300.15 300.15
300.15 300.15 300.15 300.15 300.15 300.16 300.23 300.42 300.72 300.89 300.89 300.72 300.42 300.23 300.16 300.15 300.15 300.15 300.15 300.15
300.15 300.15 300.15 300.15 300.15 300.15 300.17 300.23 300.31 300.36 300.36 300.31 300.23 300.17 300.15 300.15 300.15 300.15 300.15 300.15
300.15 300.15 300.15 300.15 300.15 300.15 300.15 300.16 300.18 300.19 300.19 300.18 300.16 300.15 300.15 300.15 300.15 300.15 300.15 300.15
300.15 300.15 300.15 300.15 300.15 300.15 300.15 300.15 300.15 300.15 300.15 300.15 300.15 300.15 300.15 300.15 300.15 300.15 300.15 300.15
300.15 300.15 300.15 300.15 300.15 300.15 300.15 300.15 300.15 300.15 300.15 300.15 300.15 300.15 300.15 300.15 300.15 300.15 300.15 300.15
300.15 300.15 300.15 300.15 300.15 300.15 300.15 300.15 300.15 300.15 300.15 300.15 300.15 300.15 300.15 300.15 300.15 300.15 300.15 300.15
300.15 300.15 300.15 300.15 300.15 300.15 300.15 300.15 300.15 300.15 300.15 300.15 300.15 300.15 300.15 300.15 300.15 300.15 300.15 300.15
300.15 300.15 300.15 300.15 300.15 300.15 300.15 300.15 300.15 300.15 300.15 300.15 300.15 300.15 300.15 300.15 300.15 300.15 300.15 300.15
